%YAML:1.0
---
camera_matrix: !!opencv-matrix
   rows: 3
   cols: 3
   dt: d
   data: [ 2.4151936823059589e+02, 0., 3.2876566499364912e+02, 0.,
       2.4142768018493840e+02, 2.3229990547943996e+02, 0., 0., 1. ]
dist_coeffs: !!opencv-matrix
   rows: 4
   cols: 1
   dt: d
   data: [ -4.2585534657931946e-02, -2.4160163684253102e-03,
       -2.7594930150516748e-03, 7.1401998552981746e-04 ]
resolution: !!opencv-matrix
   rows: 2
   cols: 1
   dt: i
   data: [ 640, 480 ]
project_matrix: !!opencv-matrix
   rows: 3
   cols: 3
   dt: d
   data: [ -1.0438032837781581e+00, -3.4203864249063813e+00,
       6.4899683445846154e+02, 1.3692797224724734e-01,
       -3.6889219609923734e+00, 5.2063209680684531e+02,
       5.6347121149514601e-04, -1.3632671248601099e-02, 1. ]
scale_xy: !!opencv-matrix
   rows: 2
   cols: 1
   dt: f
   data: [ 6.99999988e-01, 8.00000012e-01 ]
shift_xy: !!opencv-matrix
   rows: 2
   cols: 1
   dt: f
   data: [ 0., 0. ]
