%YAML:1.0
---
camera_matrix: !!opencv-matrix
   rows: 3
   cols: 3
   dt: d
   data: [ 2.3641161081088637e+02, 0., 3.2575177075745336e+02, 0.,
       2.3653375253584394e+02, 2.3212761169896612e+02, 0., 0., 1. ]
dist_coeffs: !!opencv-matrix
   rows: 4
   cols: 1
   dt: d
   data: [ -2.8134798724477942e-02, -1.5912416896439949e-02,
       3.3926798886209811e-03, -7.1463894430161436e-05 ]
resolution: !!opencv-matrix
   rows: 2
   cols: 1
   dt: i
   data: [ 640, 480 ]
project_matrix: !!opencv-matrix
   rows: 3
   cols: 3
   dt: d
   data: [ -7.8973875063583088e-01, -2.2846360118830167e+00,
       5.2623593190268275e+02, 3.7252820840541843e-02,
       -2.3991962096540544e+00, 4.2234749006499254e+02,
       8.1291385372560487e-05, -9.0031027436467802e-03, 1. ]
scale_xy: !!opencv-matrix
   rows: 2
   cols: 1
   dt: f
   data: [ 6.99999988e-01, 8.00000012e-01 ]
shift_xy: !!opencv-matrix
   rows: 2
   cols: 1
   dt: f
   data: [ 0., 0. ]
