%YAML:1.0
---
camera_matrix: !!opencv-matrix
   rows: 3
   cols: 3
   dt: d
   data: [ 2.4437997061124867e+02, 0., 3.1215773351876794e+02, 0.,
       2.4441150571133255e+02, 2.4249418577466110e+02, 0., 0., 1. ]
dist_coeffs: !!opencv-matrix
   rows: 4
   cols: 1
   dt: d
   data: [ -5.5057939371856240e-02, 2.1629201622523141e-02,
       -2.4290553429086741e-02, 7.5690762877629741e-03 ]
resolution: !!opencv-matrix
   rows: 2
   cols: 1
   dt: i
   data: [ 640, 480 ]
project_matrix: !!opencv-matrix
   rows: 3
   cols: 3
   dt: d
   data: [ -6.1783343310980507e+00, -1.6801213093701751e+01,
       2.3058226254873521e+03, 7.8478154929156635e-02,
       -1.8279858949581197e+01, 2.0358268532357090e+03,
       8.7197949921284819e-04, -5.9928759981681512e-02, 1. ]
scale_xy: !!opencv-matrix
   rows: 2
   cols: 1
   dt: f
   data: [ 6.99999988e-01, 8.00000012e-01 ]
shift_xy: !!opencv-matrix
   rows: 2
   cols: 1
   dt: f
   data: [ 0., 0. ]
