%YAML:1.0
---
camera_matrix: !!opencv-matrix
   rows: 3
   cols: 3
   dt: d
   data: [ 2.4124747042797594e+02, 0., 3.1225076166710346e+02, 0.,
       2.4122517288771638e+02, 2.1735890393159326e+02, 0., 0., 1. ]
dist_coeffs: !!opencv-matrix
   rows: 4
   cols: 1
   dt: d
   data: [ -5.1501942892327728e-02, 5.4218155542538095e-03,
       -2.5855657791982651e-03, -7.3544345077576948e-04 ]
resolution: !!opencv-matrix
   rows: 2
   cols: 1
   dt: i
   data: [ 640, 480 ]
project_matrix: !!opencv-matrix
   rows: 3
   cols: 3
   dt: d
   data: [ -8.6137229124762515e-01, -2.9205866994783314e+00,
       5.6123759838473029e+02, 5.3905766142779962e-02,
       -2.8524861923800495e+00, 4.3977209683224527e+02,
       1.2984116627117126e-04, -1.0662445735736114e-02, 1. ]
scale_xy: !!opencv-matrix
   rows: 2
   cols: 1
   dt: f
   data: [ 6.99999988e-01, 8.00000012e-01 ]
shift_xy: !!opencv-matrix
   rows: 2
   cols: 1
   dt: f
   data: [ 0., 0. ]
